1 0.57 0.715 349.22 
2 1.57 2.215 350.72 
3 1.57 4.215 352.72 
4 1.57 6.215 354.72 
5 1.57 8.22 356.72 
6 1.57 10.22 358.72 
7 1.57 12.22 360.72 
8 2.57 14.72 363.22 
9 3.57 18.22 366.72 
10 4.57 22.72 371.22 
11 5.57 28.22 376.72 
12 7.57 35.22 383.72 
13 9.57 44.22 392.72 
14 12.57 55.72 404.22 
15 15.57 70.22 418.72 
16 19.57 88.22 436.72 
17 24.57 110.72 459.22 
18 30.57 138.72 487.22 
19 39.57 174.22 522.72 
20 50.57 219.72 568.22 
21 62.57 276.72 625.22 
22 80.57 348.72 697.22 
23 100.57 439.72 788.22 
24 126.57 553.72 902.22 
25 160.57 697.72 1046.22 
26 201.57 879.22 1227.72 
27 254.57 1107.72 1456.22 
28 321.57 1396.22 1744.72 
29 405.57 1760.22 2108.72 
30 510.57 2218.72 2567.22 
31 645.6 2797.2 3145.72 
32 791.6 3516.2 3864.72 
33 967.6 4396.2 4744.72 
34 1184.6 5472.7 5821.22 
35 1451.6 6791.2 7139.72 
36 1775.6 8405.2 8753.72 
37 2179.6 10383.2 10731.72 