1 0.57 0.715 -1.32 
2 1.57 2.215 0.19 
3 1.57 4.215 2.19 
4 1.57 6.215 4.19 
5 1.57 8.22 6.19 
6 1.57 10.22 8.19 
7 1.57 12.22 10.19 
8 2.57 14.72 12.69 
9 3.57 18.22 16.19 
10 4.57 22.72 20.69 
11 5.57 28.22 26.19 
12 7.57 35.22 33.19 
13 9.57 44.22 42.19 
14 12.57 55.72 53.69 
15 15.57 70.22 68.19 
16 19.57 88.22 86.19 
17 24.57 110.72 108.69 
18 30.57 138.72 136.69 
19 39.57 174.22 172.19 
20 50.57 219.72 217.69 
21 62.57 276.72 274.69 
22 80.57 348.72 346.69 
23 100.57 439.72 437.69 
24 126.57 553.72 551.69 
25 160.57 697.72 695.69 
26 201.57 879.22 877.19 
27 254.57 1107.72 1105.69 
28 321.57 1396.22 1394.19 